hidden_size: 256
learning_rate: 7.903461278505191e-05
weight_decay: 1.8564932918088837e-06
